9.18704e-09 2.43497
7.34964e-08 2.49563
2.4805e-07 2.59177
5.87971e-07 2.71662
1.14838e-06 2.86239
1.9844e-06 3.02201
3.15116e-06 3.19087
4.70377e-06 3.36789
6.69736e-06 3.55539
9.18704e-06 3.75766
1.2228e-05 3.97923
1.58752e-05 4.22338
2.01839e-05 4.49172
2.52093e-05 4.78449
3.10063e-05 5.10087
3.76301e-05 5.43875
4.5136e-05 5.79406
5.35788e-05 6.16023
6.30139e-05 6.52882
7.34964e-05 6.89158
8.50812e-05 7.24312
9.78237e-05 7.5829
0.000111779 7.91506
0.000127002 8.24619
0.000143548 8.58183
0.000161472 8.92348
0.000180829 9.26738
0.000201674 9.60542
0.000224063 9.92722
0.00024805 10.2227
0.000273691 10.4843
0.000301041 10.7086
0.000330155 10.8974
0.000361088 11.0582
0.000393895 11.2024
0.000428631 11.3423
0.000465351 11.4864
0.000504112 11.6347
0.000544966 11.7783
0.000587971 11.902
0.00063318 11.9908
0.00068065 12.0368
0.000730434 12.0435
0.000782589 12.0245
0.000837169 11.9987
0.00089423 11.9833
0.000953827 11.9881
0.00101601 12.0146
0.00108085 12.0573
0.00114838 12.1078
0.00121867 12.1577
0.00129177 12.2003
0.00136774 12.2302
0.00144663 12.2433
0.00152849 12.2365
0.00161339 12.2088
0.00170138 12.1615
0.0017925 12.0984
0.00188683 12.0238
0.0019844 11.9414
0.00208528 11.853
0.00218953 11.7589
0.00229719 11.6587
0.00240833 11.5534
0.00252299 11.4445
0.00264124 11.3337
0.00276312 11.2209
0.0028887 11.103
0.00301803 10.9749
0.00315116 10.8311
0.00328814 10.669
0.00342905 10.4904
0.00357392 10.3018
0.00372281 10.1121
0.00387578 9.92929
0.00403289 9.75758
0.00419419 9.59661
0.00435973 9.44277
0.00452957 9.29211
0.00470377 9.14313
0.00488237 8.99802
0.00506544 8.86161
0.00525303 8.73886
0.0054452 8.63214
0.00564199 8.53988
0.00584348 8.45726
0.0060497 8.37848
0.00626071 8.29932
0.00647658 8.21883
0.00669736 8.13929
0.00692309 8.06482
0.00715384 7.9995
0.00738966 7.9458
0.00763061 7.90398
0.00787674 7.87233
0.00812811 7.84784
0.00838477 7.82716
0.00864677 7.80728
0.00891418 7.78616
0.00918704 7.76298
0.00946542 7.73796
0.00974937 7.71183
0.0100389 7.68514
0.0103342 7.6578
0.0106352 7.62921
0.0109419 7.5989
0.0112545 7.56726
0.011573 7.53584
0.0118975 7.50689
0.012228 7.4824
0.0125645 7.4631
0.0129071 7.4481
0.013256 7.43515
0.013611 7.42149
0.0139723 7.40484
0.01434 7.38414
0.0147141 7.36018
0.0150946 7.33591
0.0154816 7.31631
0.0158752 7.30754
0.0162754 7.31512
0.0166823 7.34161
0.0170959 7.38484
0.0175162 7.4377
0.0179434 7.49015
0.0183775 7.53264
0.0188186 7.55944
0.0192666 7.57024
0.0197217 7.56913
0.0201839 7.56177
0.0206533 7.55249
0.0211299 7.54285
0.0216138 7.53244
0.022105 7.52103
0.0226036 7.51049
0.0231096 7.50512
0.0236231 7.51007
0.0241442 7.52879
0.0246729 7.56103
0.0252093 7.60235
0.0257533 7.64556
0.0263052 7.68321
0.0268648 7.71007
0.0274324 7.72453
0.0280079 7.72881
0.0285913 7.72786
0.0291829 7.72778
0.0297825 7.73403
0.0303903 7.74996
0.0310063 7.77584
0.0316305 7.80872
0.0355529 7.87856
0.0405235 7.97939
0.045136 7.94853
0.0509443 8.05625
0.0563027 7.95513
0.0640141 7.91688
0.0713134 7.94481
0.0803115 8.05225
0.0900362 7.95572
0.100516 7.97081
0.113243 8.1002
0.127002 8.15716
0.141832 8.2267
0.159616 8.55059
0.178827 8.62461
0.201674 8.88944
0.224063 9.30188
0.253044 9.81595
0.284423 10.6036
0.318294 11.9357
0.357911 13.1472
0.400686 14.8053
0.44674 16.8854
0.504112 19.2676
0.566196 21.2137
0.63318 23.505
0.710239 24.8499
0.798706 26.0634
0.89423 26.6718
1.00337 26.47
1.12783 26.4696
1.26219 25.4646
1.41472 24.9313
1.5876 24.1278
1.78325 23.5138
2.00431 22.7921
2.24293 21.8842
2.52299 20.9244
2.82545 19.4284
3.16468 18.4675
3.55925 16.6389
3.98532 14.9231
4.47816 12.6526
5.02847 10.3671
5.64199 7.64436
6.32496 5.32779
7.08409 3.5527
7.9516 2.57404
8.91418 2.00086
10.0097 1.70008
11.223 1.52876
12.5985 1.44784
14.1554 1.4234
15.8752 1.45923
17.8146 1.65067
19.9982 2.13211
22.4032 3.33677
25.1553 7.58537
28.2403 17.8608
31.6305 21.3527
35.485 9.20422
39.86 1.70568
44.7389 0.617996
50.1711 0.389548
56.3027 0.345736
63.1135 0.330065
70.8821 0.295459
79.4955 0.231833
89.1556 0.167395
100.109 0.137559
112.217 0.133908
125.894 0.162424
141.32 0.222093
158.509 0.307414
177.832 0.443308
199.736 0.743249
224.063 1.76261
251.289 5.57563
281.984 16.0432
316.248 22.8054
355.068 11.4175
398.3 1.17299
446.74 0.456651
501.331 0.332596
562.763 0.110865
631.329 0.0214248
708.24 0.00645648
794.387 0.00537222
891.317 0.00799823
1000.22 0.00906048
1122.4 0.0022922
1259.26 0.00122646
1413.14 0.00106016
1585.04 0.00160587
1778.63 0.00448472
1995.34 0.0127803
2239.7 0.0284768
2512.53 0.031662
2819.17 0.0144
3163.33 0.00210249
3549.01 0.000404721
3982.16 0.000138726
4467.93 0.000118339
5011.89 9.09831e-05
5624.09 6.972e-05
6309.93 7.87142e-05
7081.77 0.000111066
7944.09 0.0001379
8914.18 0.000109346
10001 6.22431e-05
11223 3.92427e-05
12591.7 3.63413e-05
14126 3.4697e-05
15851.4 3.35052e-05
17784.6 3.26163e-05
19956.6 3.17382e-05
22388.3 3.06871e-05
25122.9 2.99062e-05
28187.9 2.96287e-05
